PA00275|SAI001145|20250101|20250101|09003|02|02|1842194.87|1842194.87|0.00|5118.23|0.00|20250107|16|20250103|0.00|0.00|;
PA00280|SAI001163|20250102|20250102|09007|02|02|84228.89|84228.89|0.00|6106.76|0.00|20250102|16|20250105|0.00|0.00|;
PA00302|SAI001175|20250103|20250103|09015|02|02|451576.89|451576.89|0.00|2332.30|0.00|20250107|16|20250103|0.00|0.00|;
PA00313|SAI001179|20250107|20250107|09016|01|02|761174.33|761174.33|0.00|4834.25|0.00|20250113|06|20250109|0.00|0.00|;
PA00313|SAI001203|20250107|20250107|09012|01|01|240364.58|240364.58|0.00|3117.17|0.00|20250111|14|20250109|0.00|0.00|;
PA00316|SAI001214|20250107|20250107|09008|02|02|824397.21|824397.21|0.00|1197.09|0.00|20250111|15|20250108|0.00|0.00|;
PA00336|SAI001222|20250109|20250109|09007|02|02|1037068.08|1037068.08|0.00|6696.91|0.00|20250115|15|20250111|0.00|0.00|;
PA00351|SAI001244|20250112|20250112|09010|02|02|1054889.03|1054889.03|0.00|3738.98|0.00|20250115|16|20250113|0.00|0.00|;
PA00371|SAI001267|20250114|20250114|09016|02|02|1134846.98|1134846.98|0.00|6969.54|0.00|20250118|16|20250117|0.00|0.00|;
PA00383|SAI001286|20250115|20250115|09008|01|01|201730.06|201730.06|0.00|811.01|0.00|20250118|06|20250115|0.00|0.00|;
PA00389|SAI001305|20250118|20250118|09017|02|02|1170115.30|1170115.30|0.00|4423.42|0.00|20250123|16|20250118|0.00|0.00|;
PA00422|SAI001313|20250119|20250119|09013|02|02|376552.31|376552.31|0.00|2898.01|0.00|20250121|15|20250121|0.00|0.00|;
PA00471|SAI001332|20250119|20250119|09008|02|02|1001689.80|1001689.80|0.00|7539.68|0.00|20250126|16|20250119|0.00|0.00|;
PA00475|SAI001349|20250120|20250120|09012|01|01|208358.69|208358.69|0.00|4260.16|0.00|20250123|06|20250122|0.00|0.00|;
PA00524|SAI001361|20250120|20250120|09014|02|02|452375.96|452375.96|0.00|6889.02|0.00|20250123|15|20250121|0.00|0.00|;
PA00554|SAI001372|20250121|20250121|09007|02|02|739667.53|739667.53|0.00|5239.23|0.00|20250127|16|20250121|0.00|0.00|;
PA00570|SAI001395|20250123|20250123|09017|01|01|77962.72|77962.72|0.00|9865.39|0.00|20250125|14|20250124|0.00|0.00|;
PA00593|SAI001402|20250124|20250124|09007|02|02|1920286.13|1920286.13|0.00|3775.47|0.00|20250131|15|20250126|0.00|0.00|;
PA00598|SAI001421|20250124|20250124|09005|02|02|517385.47|517385.47|0.00|362.89|0.00|20250129|15|20250124|0.00|0.00|;
PA00642|SAI001427|20250125|20250125|09015|02|02|383149.39|383149.39|0.00|9848.64|0.00|20250131|15|20250127|0.00|0.00|;
PA00650|SAI001438|20250129|20250129|09005|02|02|1074978.41|1074978.41|0.00|1216.94|0.00|20250204|15|20250130|0.00|0.00|;
PA00698|SAI001444|20250129|20250129|09009|01|01|189925.12|189925.12|0.00|5460.22|0.00|20250203|06|20250130|0.00|0.00|;
PA00702|SAI001445|20250130|20250130|09009|02|02|1925777.59|1925777.59|0.00|3348.53|0.00|20250205|16|20250201|0.00|0.00|;
PA00730|SAI001455|20250201|20250201|09008|02|02|295531.40|295531.40|0.00|6870.75|0.00|20250203|15|20250203|0.00|0.00|;
PA00778|SAI001468|20250201|20250201|09007|02|02|374818.18|374818.18|0.00|6250.01|0.00|20250203|15|20250203|0.00|0.00|;
PA00803|SAI001483|20250203|20250203|09014|01|02|1388518.52|1388518.52|0.00|6633.87|0.00|20250208|14|20250205|0.00|0.00|;
PA00844|SAI001494|20250204|20250204|09017|01|01|64478.21|64478.21|0.00|5235.53|0.00|20250207|14|20250206|0.00|0.00|;
PA00872|SAI001513|20250204|20250204|09007|02|02|974811.53|974811.53|0.00|590.68|0.00|20250208|16|20250204|0.00|0.00|;
PA00905|SAI001514|20250205|20250205|09014|02|02|672680.45|672680.45|0.00|3733.04|0.00|20250205|15|20250205|0.00|0.00|;
PA00929|SAI001538|20250205|20250205|09006|02|02|163203.10|163203.10|0.00|5253.61|0.00|20250209|15|20250208|0.00|0.00|;
PA00938|SAI001539|20250206|20250206|09008|02|02|795632.42|795632.42|0.00|9941.34|0.00|20250207|16|20250207|0.00|0.00|;
PA00955|SAI001550|20250206|20250206|09003|02|02|159617.78|159617.78|0.00|4203.79|0.00|20250208|16|20250209|0.00|0.00|;
PA00977|SAI001568|20250207|20250207|09005|01|01|42082.55|42082.55|0.00|1215.23|0.00|20250213|06|20250208|0.00|0.00|;
PA00999|SAI001575|20250209|20250209|09008|01|01|331664.75|331664.75|0.00|3144.25|0.00|20250210|06|20250211|0.00|0.00|;
PA01025|SAI001585|20250210|20250210|09002|02|02|5489.62|5489.62|0.00|1135.61|0.00|20250211|15|20250212|0.00|0.00|;
PA01039|SAI001598|20250210|20250210|09004|02|02|560538.82|560538.82|0.00|1130.43|0.00|20250213|16|20250210|0.00|0.00|;
PA01045|SAI001599|20250211|20250211|09005|01|01|34815.69|34815.69|0.00|7704.91|0.00|20250218|14|20250212|0.00|0.00|;
PA01063|SAI001620|20250212|20250212|09007|02|02|347864.23|347864.23|0.00|4645.92|0.00|20250213|16|20250213|0.00|0.00|;
PA01093|SAI001633|20250216|20250216|09016|02|02|1199108.96|1199108.96|0.00|9390.40|0.00|20250217|15|20250218|0.00|0.00|;
PA01100|SAI001642|20250217|20250217|09008|02|02|269240.76|269240.76|0.00|7554.61|0.00|20250217|16|20250217|0.00|0.00|;
PA01133|SAI001663|20250218|20250218|09014|01|01|146332.99|146332.99|0.00|7355.41|0.00|20250221|06|20250219|0.00|0.00|;
PA01160|SAI001675|20250219|20250219|09007|02|02|189846.16|189846.16|0.00|7071.77|0.00|20250223|15|20250221|0.00|0.00|;
PA01192|SAI001696|20250221|20250221|09004|02|02|8245.05|8245.05|0.00|8610.30|0.00|20250223|16|20250222|0.00|0.00|;
PA01242|SAI001699|20250221|20250221|09003|02|02|574381.87|574381.87|0.00|5143.26|0.00|20250228|16|20250223|0.00|0.00|;
PA01269|SAI001700|20250222|20250222|09006|02|02|137797.77|137797.77|0.00|862.61|0.00|20250228|15|20250223|0.00|0.00|;
PA01309|SAI001717|20250225|20250225|09007|01|01|17484.88|17484.88|0.00|3068.21|0.00|20250228|14|20250227|0.00|0.00|;
PA01356|SAI001724|20250225|20250225|09016|01|01|41742.89|41742.89|0.00|6717.66|0.00|20250304|06|20250226|0.00|0.00|;
PA01394|SAI001740|20250225|20250225|09008|01|01|272293.28|272293.28|0.00|214.20|0.00|20250226|14|20250227|0.00|0.00|;
PA01406|SAI001764|20250226|20250226|09015|02|02|658794.24|658794.24|0.00|9841.70|0.00|20250228|16|20250228|0.00|0.00|;
PA01446|SAI001770|20250227|20250227|09003|01|02|1096179.76|1096179.76|0.00|4364.79|0.00|20250303|14|20250228|0.00|0.00|;
PA01487|SAI001776|20250304|20250304|09012|01|01|40158.99|40158.99|0.00|1380.41|0.00|20250306|06|20250304|0.00|0.00|;
PA01514|SAI001780|20250305|20250305|09016|02|02|479899.17|479899.17|0.00|3216.81|0.00|20250305|15|20250308|0.00|0.00|;
PA01562|SAI001783|20250306|20250306|09007|02|02|1809971.55|1809971.55|0.00|9620.93|0.00|20250310|15|20250308|0.00|0.00|;
PA01607|SAI001791|20250308|20250308|09015|01|01|197548.77|197548.77|0.00|3356.78|0.00|20250311|06|20250310|0.00|0.00|;
PA01639|SAI001803|20250309|20250309|09002|02|02|190034.33|190034.33|0.00|8036.14|0.00|20250310|16|20250311|0.00|0.00|;
PA01656|SAI001804|20250310|20250310|09002|02|02|3218638.29|3218638.29|0.00|1428.36|0.00|20250316|16|20250311|0.00|0.00|;
PA01679|SAI001812|20250310|20250310|09013|01|01|69172.43|69172.43|0.00|8250.32|0.00|20250315|14|20250311|0.00|0.00|;
PA01691|SAI001814|20250310|20250310|09013|01|01|93141.39|93141.39|0.00|563.09|0.00|20250316|14|20250313|0.00|0.00|;
PA01702|SAI001821|20250310|20250310|09009|01|01|115269.58|115269.58|0.00|8771.63|0.00|20250317|06|20250311|0.00|0.00|;
PA01704|SAI001831|20250311|20250311|09009|02|02|671354.92|671354.92|0.00|4851.42|0.00|20250317|16|20250312|0.00|0.00|;
PA01713|SAI001854|20250311|20250311|09014|02|02|311727.96|311727.96|0.00|1538.16|0.00|20250311|15|20250312|0.00|0.00|;
PA01717|SAI001864|20250313|20250313|09012|02|02|807852.22|807852.22|0.00|387.31|0.00|20250314|15|20250315|0.00|0.00|;
PA01754|SAI001875|20250314|20250314|09013|01|02|984955.60|984955.60|0.00|815.83|0.00|20250318|14|20250316|0.00|0.00|;
PA01800|SAI001881|20250314|20250314|09008|01|01|66778.21|66778.21|0.00|6797.42|0.00|20250321|06|20250314|0.00|0.00|;
PA01825|SAI001893|20250315|20250315|09013|01|01|91811.11|91811.11|0.00|1228.94|0.00|20250321|14|20250315|0.00|0.00|;
PA01834|SAI001911|20250315|20250315|09005|02|02|2495580.27|2495580.27|0.00|2422.05|0.00|20250319|16|20250316|0.00|0.00|;
PA01869|SAI001925|20250317|20250317|09009|01|01|133529.39|133529.39|0.00|5473.71|0.00|20250319|06|20250318|0.00|0.00|;
PA01906|SAI001925|20250317|20250317|09003|01|02|712289.76|712289.76|0.00|4539.30|0.00|20250318|06|20250318|0.00|0.00|;
PA01940|SAI001929|20250318|20250318|09007|01|01|68858.32|68858.32|0.00|9564.16|0.00|20250319|06|20250321|0.00|0.00|;
PA01956|SAI001951|20250318|20250318|09003|01|01|34221.91|34221.91|0.00|6120.26|0.00|20250323|14|20250319|0.00|0.00|;
PA01959|SAI001973|20250319|20250319|09014|02|02|362705.34|362705.34|0.00|5167.66|0.00|20250323|16|20250320|0.00|0.00|;
PA01968|SAI001997|20250319|20250319|09013|02|02|1038195.96|1038195.96|0.00|7769.89|0.00|20250326|16|20250322|0.00|0.00|;
PA01984|SAI002005|20250320|20250320|09012|02|02|1865346.40|1865346.40|0.00|6692.61|0.00|20250321|16|20250323|0.00|0.00|;
PA02025|SAI002017|20250321|20250321|09016|02|02|526630.89|526630.89|0.00|8668.32|0.00|20250327|15|20250323|0.00|0.00|;
PA02049|SAI002019|20250321|20250321|09006|02|02|562927.49|562927.49|0.00|6748.89|0.00|20250328|15|20250321|0.00|0.00|;
PA02077|SAI002028|20250322|20250322|09006|01|01|189597.88|189597.88|0.00|8449.11|0.00|20250328|06|20250323|0.00|0.00|;
PA02125|SAI002051|20250325|20250325|09013|02|02|1437714.98|1437714.98|0.00|3401.12|0.00|20250327|16|20250325|0.00|0.00|;
PA02157|SAI002065|20250325|20250325|09017|02|02|302370.01|302370.01|0.00|6828.06|0.00|20250329|15|20250327|0.00|0.00|;
PA02171|SAI002069|20250326|20250326|09012|02|02|731123.65|731123.65|0.00|6710.48|0.00|20250330|15|20250327|0.00|0.00|;
PA02198|SAI002092|20250326|20250326|09011|02|02|1382517.56|1382517.56|0.00|5630.25|0.00|20250330|16|20250326|0.00|0.00|;
PA02221|SAI002110|20250326|20250326|09005|02|02|671222.99|671222.99|0.00|1515.34|0.00|20250402|15|20250328|0.00|0.00|;
PA02233|SAI002122|20250326|20250326|09008|02|02|1731611.53|1731611.53|0.00|8878.75|0.00|20250401|16|20250328|0.00|0.00|;
PA02252|SAI002144|20250328|20250328|09005|01|02|715141.28|715141.28|0.00|5130.88|0.00|20250403|14|20250330|0.00|0.00|;
PA02293|SAI002168|20250329|20250329|09013|01|01|41182.67|41182.67|0.00|1843.85|0.00|20250402|14|20250330|0.00|0.00|;
PA02325|SAI002171|20250331|20250331|09007|01|01|103331.71|103331.71|0.00|5480.36|0.00|20250401|14|20250331|0.00|0.00|;
PA02362|SAI002187|20250331|20250331|09009|01|01|156401.56|156401.56|0.00|878.29|0.00|20250405|14|20250403|0.00|0.00|;
PA02366|SAI002203|20250403|20250403|09011|02|02|497944.84|497944.84|0.00|8414.69|0.00|20250406|15|20250406|0.00|0.00|;
PA02393|SAI002205|20250405|20250405|09009|02|02|1262027.75|1262027.75|0.00|182.43|0.00|20250408|16|20250405|0.00|0.00|;
PA02421|SAI002218|20250405|20250405|09016|01|01|57252.15|57252.15|0.00|5376.06|0.00|20250410|06|20250408|0.00|0.00|;
PA02433|SAI002230|20250405|20250405|09002|01|02|698454.52|698454.52|0.00|2980.51|0.00|20250406|06|20250405|0.00|0.00|;
PA02452|SAI002233|20250405|20250405|09006|02|02|80301.93|80301.93|0.00|6807.29|0.00|20250406|16|20250407|0.00|0.00|;
PA02488|SAI002243|20250406|20250406|09010|02|02|178315.86|178315.86|0.00|397.23|0.00|20250413|15|20250408|0.00|0.00|;
PA02500|SAI002249|20250407|20250407|09009|01|02|1409294.02|1409294.02|0.00|7983.92|0.00|20250411|14|20250410|0.00|0.00|;
PA02512|SAI002269|20250408|20250408|09012|02|02|565921.25|565921.25|0.00|2237.38|0.00|20250408|16|20250410|0.00|0.00|;
PA02534|SAI002280|20250410|20250410|09016|02|02|83331.97|83331.97|0.00|8369.65|0.00|20250413|15|20250413|0.00|0.00|;
PA02566|SAI002286|20250412|20250412|09010|02|02|1136122.62|1136122.62|0.00|336.98|0.00|20250418|16|20250413|0.00|0.00|;
PA02600|SAI002311|20250416|20250416|09006|02|02|1359073.48|1359073.48|0.00|5314.31|0.00|20250417|15|20250417|0.00|0.00|;
PA02616|SAI002330|20250417|20250417|09014|02|02|138002.41|138002.41|0.00|3441.17|0.00|20250422|15|20250418|0.00|0.00|;
PA02626|SAI002343|20250418|20250418|09009|01|01|108044.40|108044.40|0.00|4318.02|0.00|20250419|14|20250419|0.00|0.00|;
PA02667|SAI002351|20250418|20250418|09008|02|02|1089316.82|1089316.82|0.00|72.18|0.00|20250421|15|20250418|0.00|0.00|;
PA02670|SAI002364|20250420|20250420|09003|01|01|51557.91|51557.91|0.00|1343.36|0.00|20250421|14|20250420|0.00|0.00|;
PA02719|SAI002375|20250421|20250421|09012|02|02|1336485.36|1336485.36|0.00|2867.84|0.00|20250422|16|20250424|0.00|0.00|;
PA02767|SAI002393|20250423|20250423|09003|02|02|103031.64|103031.64|0.00|3055.79|0.00|20250425|15|20250426|0.00|0.00|;
PA02806|SAI002415|20250423|20250423|09008|01|01|42494.57|42494.57|0.00|352.85|0.00|20250429|06|20250425|0.00|0.00|;
PA02848|SAI002434|20250423|20250423|09016|02|02|227689.31|227689.31|0.00|5075.42|0.00|20250425|15|20250424|0.00|0.00|;
PA02851|SAI002434|20250424|20250424|09014|02|02|1170499.05|1170499.05|0.00|9456.17|0.00|20250501|15|20250426|0.00|0.00|;
PA02878|SAI002449|20250424|20250424|09014|02|02|1051858.76|1051858.76|0.00|6752.87|0.00|20250426|16|20250427|0.00|0.00|;
PA02889|SAI002471|20250425|20250425|09010|02|02|1635852.88|1635852.88|0.00|6536.51|0.00|20250429|15|20250427|0.00|0.00|;
PA02924|SAI002494|20250426|20250426|09017|02|02|599379.31|599379.31|0.00|4012.03|0.00|20250501|15|20250428|0.00|0.00|;
PA02929|SAI002512|20250426|20250426|09015|02|02|173758.90|173758.90|0.00|7985.02|0.00|20250427|15|20250428|0.00|0.00|;
PA02959|SAI002516|20250427|20250427|09007|01|01|167381.73|167381.73|0.00|6121.41|0.00|20250503|06|20250429|0.00|0.00|;
PA02959|SAI002540|20250501|20250501|09009|02|02|7068460.95|7068460.95|0.00|2902.82|0.00|20250504|15|20250504|0.00|0.00|;
PA02999|SAI002554|20250501|20250501|09005|01|01|78366.40|78366.40|0.00|6006.51|0.00|20250503|06|20250503|0.00|0.00|;
PA03024|SAI002573|20250503|20250503|09010|02|02|930886.20|930886.20|0.00|8359.72|0.00|20250509|15|20250504|0.00|0.00|;
PA03045|SAI002592|20250503|20250503|09011|02|02|1051354.58|1051354.58|0.00|7840.45|0.00|20250505|15|20250504|0.00|0.00|;
PA03061|SAI002606|20250503|20250503|09005|02|02|24177.96|24177.96|0.00|7978.06|0.00|20250510|15|20250504|0.00|0.00|;
PA03078|SAI002606|20250503|20250503|09012|01|01|67398.07|67398.07|0.00|494.48|0.00|20250503|06|20250506|0.00|0.00|;
PA03104|SAI002612|20250505|20250505|09006|02|02|4709.95|4709.95|0.00|4561.65|0.00|20250510|16|20250507|0.00|0.00|;
PA03120|SAI002629|20250505|20250505|09003|02|02|922867.12|922867.12|0.00|7948.10|0.00|20250506|16|20250507|0.00|0.00|;
PA03163|SAI002645|20250505|20250505|09016|01|01|80223.95|80223.95|0.00|2347.79|0.00|20250506|14|20250506|0.00|0.00|;
PA03169|SAI002647|20250505|20250505|09015|02|02|518633.21|518633.21|0.00|1633.11|0.00|20250507|16|20250507|0.00|0.00|;
PA03216|SAI002669|20250508|20250508|09005|01|02|487055.17|487055.17|0.00|6873.65|0.00|20250509|06|20250511|0.00|0.00|;
PA03225|SAI002674|20250509|20250509|09010|02|02|392392.50|392392.50|0.00|7770.51|0.00|20250510|15|20250511|0.00|0.00|;
PA03255|SAI002682|20250509|20250509|09011|02|02|482241.93|482241.93|0.00|1539.94|0.00|20250514|15|20250512|0.00|0.00|;
PA03288|SAI002695|20250510|20250510|09010|02|02|1370260.67|1370260.67|0.00|4066.34|0.00|20250510|15|20250510|0.00|0.00|;
PA03294|SAI002705|20250510|20250510|09003|01|01|55780.68|55780.68|0.00|889.59|0.00|20250516|14|20250511|0.00|0.00|;
PA03337|SAI002718|20250512|20250512|09004|02|02|1299879.08|1299879.08|0.00|1377.49|0.00|20250517|15|20250512|0.00|0.00|;
PA03357|SAI002728|20250512|20250512|09006|01|01|45196.79|45196.79|0.00|8357.40|0.00|20250516|14|20250514|0.00|0.00|;
PA03361|SAI002746|20250513|20250513|09006|01|01|116268.17|116268.17|0.00|8847.99|0.00|20250517|14|20250516|0.00|0.00|;
PA03390|SAI002749|20250513|20250513|09003|02|02|781498.06|781498.06|0.00|1740.50|0.00|20250518|15|20250516|0.00|0.00|;
PA03400|SAI002757|20250514|20250514|09005|02|02|918881.21|918881.21|0.00|3636.14|0.00|20250519|16|20250516|0.00|0.00|;
PA03423|SAI002781|20250515|20250515|09012|02|02|95009.53|95009.53|0.00|8425.84|0.00|20250518|16|20250517|0.00|0.00|;
PA03440|SAI002782|20250515|20250515|09006|01|01|87215.53|87215.53|0.00|4291.44|0.00|20250516|06|20250517|0.00|0.00|;
PA03490|SAI002797|20250515|20250515|09015|02|02|1923631.42|1923631.42|0.00|675.95|0.00|20250519|15|20250517|0.00|0.00|;
PA03495|SAI002799|20250515|20250515|09003|02|02|911570.84|911570.84|0.00|2207.15|0.00|20250518|16|20250516|0.00|0.00|;
PA03529|SAI002817|20250516|20250516|09014|02|02|242598.61|242598.61|0.00|3695.84|0.00|20250517|15|20250517|0.00|0.00|;
PA03557|SAI002828|20250517|20250517|09015|02|02|3817143.71|3817143.71|0.00|1189.25|0.00|20250519|15|20250518|0.00|0.00|;
PA03582|SAI002832|20250518|20250518|09011|02|02|2874581.38|2874581.38|0.00|5579.15|0.00|20250523|15|20250518|0.00|0.00|;
PA03631|SAI002833|20250519|20250519|09016|01|02|786550.65|786550.65|0.00|5024.88|0.00|20250522|14|20250520|0.00|0.00|;
PA03649|SAI002857|20250521|20250521|09013|02|02|1352153.45|1352153.45|0.00|3482.66|0.00|20250521|15|20250522|0.00|0.00|;
PA03691|SAI002874|20250521|20250521|09016|02|02|578688.12|578688.12|0.00|3447.20|0.00|20250524|15|20250522|0.00|0.00|;
PA03739|SAI002878|20250522|20250522|09007|01|01|130355.51|130355.51|0.00|7103.48|0.00|20250524|14|20250522|0.00|0.00|;
PA03768|SAI002897|20250523|20250523|09014|02|02|530883.83|530883.83|0.00|6881.71|0.00|20250526|16|20250523|0.00|0.00|;
PA03788|SAI002909|20250523|20250523|09010|02|02|200212.22|200212.22|0.00|4964.94|0.00|20250527|15|20250525|0.00|0.00|;
PA03808|SAI002914|20250527|20250527|09009|02|02|279014.88|279014.88|0.00|2705.67|0.00|20250602|16|20250528|0.00|0.00|;
PA03831|SAI002932|20250527|20250527|09016|02|02|1047972.90|1047972.90|0.00|252.34|0.00|20250529|15|20250529|0.00|0.00|;
PA03844|SAI002933|20250527|20250527|09004|02|02|920897.04|920897.04|0.00|9597.32|0.00|20250602|15|20250527|0.00|0.00|;
PA03883|SAI002945|20250528|20250528|09016|02|02|586327.09|586327.09|0.00|854.14|0.00|20250603|15|20250530|0.00|0.00|;
PA03928|SAI002949|20250602|20250602|09009|02|02|1426982.36|1426982.36|0.00|3121.16|0.00|20250606|16|20250603|0.00|0.00|;
PA03960|SAI002971|20250602|20250602|09013|02|02|1150606.72|1150606.72|0.00|4981.00|0.00|20250608|16|20250602|0.00|0.00|;
PA03970|SAI002980|20250606|20250606|09007|01|01|108478.17|108478.17|0.00|1422.83|0.00|20250607|06|20250607|0.00|0.00|;
PA03986|SAI002998|20250607|20250607|09011|02|02|366673.47|366673.47|0.00|2274.36|0.00|20250607|15|20250608|0.00|0.00|;
PA03999|SAI003019|20250608|20250608|09007|02|02|1161330.55|1161330.55|0.00|2033.81|0.00|20250613|15|20250610|0.00|0.00|;
PA04014|SAI003024|20250609|20250609|09002|02|02|1218432.40|1218432.40|0.00|8187.67|0.00|20250614|15|20250611|0.00|0.00|;
PA04023|SAI003046|20250611|20250611|09012|02|02|73838.91|73838.91|0.00|26.45|0.00|20250615|15|20250614|0.00|0.00|;
PA04073|SAI003064|20250611|20250611|09009|02|02|653812.63|653812.63|0.00|5109.91|0.00|20250618|15|20250612|0.00|0.00|;
PA04081|SAI003075|20250612|20250612|09004|02|02|12165.18|12165.18|0.00|4507.59|0.00|20250618|15|20250614|0.00|0.00|;
PA04111|SAI003091|20250613|20250613|09016|01|01|171226.09|171226.09|0.00|3773.33|0.00|20250615|06|20250615|0.00|0.00|;
PA04111|SAI003114|20250616|20250616|09005|02|02|1668342.00|1668342.00|0.00|2143.53|0.00|20250619|16|20250616|0.00|0.00|;
PA04149|SAI003135|20250616|20250616|09005|02|02|1013242.76|1013242.76|0.00|3615.64|0.00|20250620|16|20250619|0.00|0.00|;
PA04170|SAI003145|20250616|20250616|09011|02|02|574252.37|574252.37|0.00|1525.03|0.00|20250621|15|20250618|0.00|0.00|;
PA04220|SAI003145|20250617|20250617|09007|02|02|813785.64|813785.64|0.00|7178.28|0.00|20250622|15|20250619|0.00|0.00|;
PA04248|SAI003157|20250617|20250617|09009|02|02|1750908.07|1750908.07|0.00|2941.28|0.00|20250619|16|20250619|0.00|0.00|;
PA04291|SAI003172|20250617|20250617|09004|02|02|517075.37|517075.37|0.00|3197.15|0.00|20250623|15|20250619|0.00|0.00|;
PA04334|SAI003192|20250617|20250617|09012|01|01|331129.14|331129.14|0.00|8771.23|0.00|20250621|06|20250618|0.00|0.00|;
PA04352|SAI003206|20250618|20250618|09003|02|02|1987003.97|1987003.97|0.00|3428.29|0.00|20250623|15|20250620|0.00|0.00|;
PA04366|SAI003219|20250619|20250619|09015|01|01|69798.87|69798.87|0.00|4581.47|0.00|20250621|06|20250621|0.00|0.00|;
PA04379|SAI003234|20250620|20250620|09003|02|02|127167.92|127167.92|0.00|11.86|0.00|20250627|15|20250623|0.00|0.00|;
PA04381|SAI003247|20250620|20250620|09017|02|02|262060.74|262060.74|0.00|401.01|0.00|20250623|16|20250623|0.00|0.00|;
PA04425|SAI003255|20250620|20250620|09011|02|02|933013.51|933013.51|0.00|2406.50|0.00|20250620|15|20250620|0.00|0.00|;
PA04457|SAI003258|20250620|20250620|09012|02|02|1478557.67|1478557.67|0.00|7533.72|0.00|20250626|16|20250622|0.00|0.00|;
PA04494|SAI003259|20250620|20250620|09005|02|02|984068.61|984068.61|0.00|3830.52|0.00|20250620|15|20250622|0.00|0.00|;
PA04518|SAI003274|20250623|20250623|09017|02|02|2286075.15|2286075.15|0.00|708.83|0.00|20250624|16|20250623|0.00|0.00|;
PA04524|SAI003292|20250623|20250623|09008|01|01|27566.91|27566.91|0.00|472.08|0.00|20250627|14|20250625|0.00|0.00|;
PA04529|SAI003297|20250623|20250623|09011|02|02|87998.03|87998.03|0.00|9619.62|0.00|20250625|15|20250623|0.00|0.00|;
PA04560|SAI003315|20250624|20250624|09006|02|02|603496.28|603496.28|0.00|625.78|0.00|20250628|15|20250627|0.00|0.00|;
PA04604|SAI003317|20250625|20250625|09006|01|01|45826.49|45826.49|0.00|7535.62|0.00|20250628|06|20250627|0.00|0.00|;
PA04606|SAI003326|20250625|20250625|09005|02|02|30542.12|30542.12|0.00|1884.75|0.00|20250701|16|20250627|0.00|0.00|;
PA04628|SAI003339|20250702|20250702|09010|01|02|45612.60|45612.60|0.00|6034.55|0.00|20250705|14|20250704|0.00|0.00|;
PA04637|SAI003359|20250703|20250703|09011|02|02|1078855.52|1078855.52|0.00|2112.52|0.00|20250709|16|20250706|0.00|0.00|;
PA04675|SAI003382|20250704|20250704|09011|02|02|1943630.86|1943630.86|0.00|6100.59|0.00|20250711|15|20250707|0.00|0.00|;
PA04696|SAI003386|20250705|20250705|09015|02|02|2175411.95|2175411.95|0.00|9065.54|0.00|20250707|15|20250705|0.00|0.00|;
PA04733|SAI003409|20250705|20250705|09002|02|02|1091766.02|1091766.02|0.00|3997.17|0.00|20250706|16|20250705|0.00|0.00|;
PA04757|SAI003418|20250705|20250705|09013|02|02|1440214.66|1440214.66|0.00|3504.47|0.00|20250707|16|20250707|0.00|0.00|;
PA04770|SAI003423|20250705|20250705|09016|02|02|4174492.73|4174492.73|0.00|1553.99|0.00|20250707|16|20250706|0.00|0.00|;
PA04775|SAI003431|20250711|20250711|09004|02|02|828252.33|828252.33|0.00|4089.33|0.00|20250718|16|20250712|0.00|0.00|;
PA04821|SAI003440|20250711|20250711|09007|02|02|3273300.65|3273300.65|0.00|1326.71|0.00|20250712|15|20250712|0.00|0.00|;
PA04834|SAI003460|20250713|20250713|09016|02|02|1192341.07|1192341.07|0.00|6733.97|0.00|20250717|15|20250716|0.00|0.00|;
PA04837|SAI003474|20250714|20250714|09010|01|01|106522.16|106522.16|0.00|343.79|0.00|20250717|06|20250716|0.00|0.00|;
PA04884|SAI003475|20250714|20250714|09008|02|02|907688.16|907688.16|0.00|8870.18|0.00|20250721|16|20250717|0.00|0.00|;
PA04925|SAI003492|20250716|20250716|09016|02|02|422208.31|422208.31|0.00|2187.64|0.00|20250720|16|20250718|0.00|0.00|;
PA04951|SAI003493|20250716|20250716|09013|01|01|260255.91|260255.91|0.00|7189.57|0.00|20250717|06|20250718|0.00|0.00|;
PA04978|SAI003507|20250718|20250718|09016|02|02|413869.30|413869.30|0.00|5045.89|0.00|20250721|16|20250719|0.00|0.00|;
PA05001|SAI003518|20250719|20250719|09006|02|02|918849.95|918849.95|0.00|2885.95|0.00|20250723|15|20250720|0.00|0.00|;
PA05042|SAI003534|20250719|20250719|09011|02|02|1493738.51|1493738.51|0.00|5643.95|0.00|20250724|15|20250720|0.00|0.00|;
PA05060|SAI003535|20250719|20250719|09007|01|02|362841.61|362841.61|0.00|3069.34|0.00|20250721|06|20250721|0.00|0.00|;
PA05106|SAI003548|20250719|20250719|09006|02|02|1916022.40|1916022.40|0.00|6019.91|0.00|20250725|16|20250721|0.00|0.00|;
PA05114|SAI003551|20250719|20250719|09004|02|02|1185630.22|1185630.22|0.00|6261.09|0.00|20250724|15|20250721|0.00|0.00|;
PA05119|SAI003566|20250719|20250719|09011|02|02|1390243.31|1390243.31|0.00|7549.73|0.00|20250720|15|20250720|0.00|0.00|;
PA05161|SAI003576|20250719|20250719|09009|02|02|3061223.59|3061223.59|0.00|9066.77|0.00|20250725|16|20250719|0.00|0.00|;
PA05169|SAI003579|20250721|20250721|09002|02|02|690657.37|690657.37|0.00|4464.79|0.00|20250725|16|20250722|0.00|0.00|;
PA05172|SAI003591|20250721|20250721|09007|02|02|84015.16|84015.16|0.00|7540.86|0.00|20250728|15|20250721|0.00|0.00|;
PA05187|SAI003609|20250722|20250722|09010|02|02|1085931.32|1085931.32|0.00|7669.52|0.00|20250724|15|20250723|0.00|0.00|;
PA05218|SAI003625|20250722|20250722|09008|02|02|1193913.86|1193913.86|0.00|4556.63|0.00|20250729|15|20250722|0.00|0.00|;
PA05224|SAI003631|20250722|20250722|09013|02|02|2281844.69|2281844.69|0.00|3938.38|0.00|20250728|16|20250722|0.00|0.00|;
PA05259|SAI003635|20250722|20250722|09004|02|02|522710.36|522710.36|0.00|6284.67|0.00|20250727|16|20250722|0.00|0.00|;
PA05292|SAI003658|20250722|20250722|09010|01|01|126823.06|126823.06|0.00|1381.60|0.00|20250728|06|20250723|0.00|0.00|;
PA05334|SAI003682|20250722|20250722|09009|02|02|600086.32|600086.32|0.00|1752.17|0.00|20250724|15|20250724|0.00|0.00|;
PA05340|SAI003687|20250723|20250723|09006|02|02|1704673.82|1704673.82|0.00|5003.39|0.00|20250725|16|20250724|0.00|0.00|;
PA05379|SAI003707|20250723|20250723|09012|02|02|149065.77|149065.77|0.00|9526.32|0.00|20250724|16|20250725|0.00|0.00|;
PA05427|SAI003719|20250723|20250723|09005|02|02|950606.26|950606.26|0.00|3613.27|0.00|20250724|15|20250723|0.00|0.00|;
PA05467|SAI003736|20250724|20250724|09005|01|01|72510.70|72510.70|0.00|2638.27|0.00|20250728|06|20250726|0.00|0.00|;
PA05476|SAI003758|20250724|20250724|09003|02|02|1890270.00|1890270.00|0.00|7030.23|0.00|20250730|15|20250725|0.00|0.00|;
PA05476|SAI003778|20250724|20250724|09003|02|02|805576.58|805576.58|0.00|9880.10|0.00|20250724|16|20250724|0.00|0.00|;
PA05497|SAI003794|20250725|20250725|09006|02|02|3584355.41|3584355.41|0.00|1457.67|0.00|20250730|15|20250725|0.00|0.00|;
PA05516|SAI003818|20250727|20250727|09004|02|02|37408.92|37408.92|0.00|3575.26|0.00|20250731|16|20250730|0.00|0.00|;
PA05533|SAI003819|20250728|20250728|09015|02|02|181992.99|181992.99|0.00|3754.87|0.00|20250731|15|20250728|0.00|0.00|;
PA05542|SAI003842|20250728|20250728|09016|02|02|357423.48|357423.48|0.00|2517.38|0.00|20250803|15|20250730|0.00|0.00|;
PA05583|SAI003847|20250730|20250730|09008|02|02|412489.27|412489.27|0.00|5358.30|0.00|20250801|15|20250731|0.00|0.00|;
PA05584|SAI003866|20250731|20250731|09013|01|01|51653.69|51653.69|0.00|6798.69|0.00|20250804|06|20250731|0.00|0.00|;
PA05605|SAI003866|20250801|20250801|09011|01|01|100429.26|100429.26|0.00|218.47|0.00|20250801|06|20250803|0.00|0.00|;
PA05606|SAI003875|20250804|20250804|09010|02|02|1601968.99|1601968.99|0.00|35.31|0.00|20250809|15|20250804|0.00|0.00|;
PA05655|SAI003897|20250805|20250805|09010|02|02|461034.23|461034.23|0.00|5868.71|0.00|20250807|15|20250808|0.00|0.00|;
PA05688|SAI003901|20250805|20250805|09013|02|02|831933.23|831933.23|0.00|6253.77|0.00|20250810|15|20250805|0.00|0.00|;
PA05694|SAI003912|20250807|20250807|09008|02|02|1148456.46|1148456.46|0.00|7155.00|0.00|20250808|15|20250808|0.00|0.00|;
PA05741|SAI003936|20250807|20250807|09003|01|02|126114.59|126114.59|0.00|500.09|0.00|20250808|14|20250808|0.00|0.00|;
PA05785|SAI003950|20250808|20250808|09014|02|02|125047.33|125047.33|0.00|4997.12|0.00|20250813|16|20250809|0.00|0.00|;
PA05822|SAI003966|20250809|20250809|09013|01|01|71144.97|71144.97|0.00|4858.15|0.00|20250814|06|20250810|0.00|0.00|;
PA05825|SAI003980|20250809|20250809|09010|01|01|68028.93|68028.93|0.00|6324.51|0.00|20250813|06|20250810|0.00|0.00|;
PA05846|SAI003994|20250809|20250809|09003|02|02|65639.95|65639.95|0.00|8293.71|0.00|20250811|15|20250809|0.00|0.00|;
PA05852|SAI004014|20250809|20250809|09004|02|02|189439.71|189439.71|0.00|9730.85|0.00|20250813|15|20250811|0.00|0.00|;
PA05857|SAI004022|20250811|20250811|09004|01|01|111873.49|111873.49|0.00|6367.89|0.00|20250812|14|20250812|0.00|0.00|;
PA05886|SAI004043|20250813|20250813|09014|02|02|791735.63|791735.63|0.00|608.88|0.00|20250818|16|20250815|0.00|0.00|;
PA05915|SAI004063|20250815|20250815|09011|02|02|1021595.71|1021595.71|0.00|6111.82|0.00|20250821|15|20250818|0.00|0.00|;
PA05948|SAI004081|20250816|20250816|09004|02|02|2007357.86|2007357.86|0.00|3808.09|0.00|20250818|15|20250817|0.00|0.00|;
PA05949|SAI004088|20250817|20250817|09011|01|01|156917.40|156917.40|0.00|5865.82|0.00|20250821|06|20250817|0.00|0.00|;
PA05974|SAI004111|20250817|20250817|09011|01|01|21959.60|21959.60|0.00|1155.09|0.00|20250821|06|20250819|0.00|0.00|;
PA06000|SAI004114|20250818|20250818|09004|02|02|1744011.85|1744011.85|0.00|9003.68|0.00|20250823|15|20250819|0.00|0.00|;
PA06008|SAI004130|20250819|20250819|09011|02|02|365319.04|365319.04|0.00|4658.02|0.00|20250820|16|20250822|0.00|0.00|;
PA06024|SAI004137|20250819|20250819|09011|02|02|899597.81|899597.81|0.00|1738.20|0.00|20250824|15|20250821|0.00|0.00|;
PA06051|SAI004138|20250820|20250820|09003|01|01|34304.78|34304.78|0.00|5375.53|0.00|20250822|06|20250823|0.00|0.00|;
PA06067|SAI004145|20250820|20250820|09017|02|02|174792.23|174792.23|0.00|7037.76|0.00|20250825|15|20250820|0.00|0.00|;
PA06093|SAI004161|20250820|20250820|09007|01|01|40860.86|40860.86|0.00|7662.52|0.00|20250823|14|20250823|0.00|0.00|;
PA06134|SAI004168|20250820|20250820|09014|01|01|98798.37|98798.37|0.00|9472.61|0.00|20250821|14|20250823|0.00|0.00|;
PA06174|SAI004183|20250820|20250820|09009|02|02|840409.66|840409.66|0.00|5159.21|0.00|20250820|15|20250820|0.00|0.00|;
PA06186|SAI004206|20250824|20250824|09013|02|02|1677756.45|1677756.45|0.00|3140.74|0.00|20250830|15|20250826|0.00|0.00|;
PA06209|SAI004215|20250825|20250825|09017|02|02|697114.58|697114.58|0.00|2449.28|0.00|20250827|15|20250827|0.00|0.00|;
PA06243|SAI004230|20250826|20250826|09015|02|02|5385617.88|5385617.88|0.00|866.38|0.00|20250826|16|20250827|0.00|0.00|;
PA06279|SAI004230|20250828|20250828|09008|02|02|986864.79|986864.79|0.00|4091.58|0.00|20250831|15|20250828|0.00|0.00|;
PA06300|SAI004253|20250829|20250829|09008|02|02|1496330.19|1496330.19|0.00|6417.56|0.00|20250830|16|20250831|0.00|0.00|;
PA06335|SAI004269|20250829|20250829|09017|01|02|723305.18|723305.18|0.00|6486.59|0.00|20250904|14|20250831|0.00|0.00|;
PA06354|SAI004283|20250829|20250829|09012|02|02|732053.00|732053.00|0.00|8968.04|0.00|20250830|16|20250829|0.00|0.00|;
PA06402|SAI004300|20250831|20250831|09006|02|02|181727.38|181727.38|0.00|9412.30|0.00|20250905|16|20250901|0.00|0.00|;
PA06427|SAI004304|20250901|20250901|09007|02|02|204562.46|204562.46|0.00|6374.84|0.00|20250903|16|20250902|0.00|0.00|;
PA06438|SAI004321|20250902|20250902|09008|02|02|476824.30|476824.30|0.00|7220.26|0.00|20250908|15|20250903|0.00|0.00|;
PA06448|SAI004339|20250904|20250904|09003|01|02|689445.85|689445.85|0.00|2317.70|0.00|20250909|06|20250906|0.00|0.00|;
PA06484|SAI004347|20250904|20250904|09017|02|02|1999855.00|1999855.00|0.00|2137.85|0.00|20250909|16|20250904|0.00|0.00|;
PA06532|SAI004365|20250904|20250904|09008|02|02|1206793.25|1206793.25|0.00|3312.78|0.00|20250911|15|20250904|0.00|0.00|;
PA06536|SAI004384|20250905|20250905|09013|01|01|162984.48|162984.48|0.00|5443.09|0.00|20250908|14|20250906|0.00|0.00|;
PA06574|SAI004406|20250907|20250907|09012|02|02|352456.54|352456.54|0.00|97.30|0.00|20250910|15|20250908|0.00|0.00|;
PA06610|SAI004411|20250907|20250907|09002|02|02|97604.86|97604.86|0.00|1789.08|0.00|20250911|16|20250909|0.00|0.00|;
PA06624|SAI004421|20250908|20250908|09007|02|02|1631458.22|1631458.22|0.00|9078.30|0.00|20250915|15|20250910|0.00|0.00|;
PA06665|SAI004436|20250909|20250909|09008|01|01|36152.63|36152.63|0.00|5204.61|0.00|20250909|06|20250911|0.00|0.00|;
PA06699|SAI004455|20250909|20250909|09012|02|02|1283811.98|1283811.98|0.00|8357.10|0.00|20250915|15|20250909|0.00|0.00|;
PA06740|SAI004468|20250909|20250909|09010|01|01|183580.81|183580.81|0.00|5851.31|0.00|20250912|06|20250910|0.00|0.00|;
PA06759|SAI004490|20250909|20250909|09005|02|02|2443424.55|2443424.55|0.00|9137.70|0.00|20250913|15|20250910|0.00|0.00|;
PA06789|SAI004507|20250911|20250911|09010|02|02|14105.40|14105.40|0.00|1682.36|0.00|20250914|15|20250911|0.00|0.00|;
PA06799|SAI004524|20250911|20250911|09013|02|02|1068712.90|1068712.90|0.00|326.64|0.00|20250917|15|20250914|0.00|0.00|;
PA06808|SAI004532|20250913|20250913|09010|02|02|1865682.83|1865682.83|0.00|8137.38|0.00|20250917|15|20250913|0.00|0.00|;
PA06854|SAI004535|20250913|20250913|09016|02|02|81641.27|81641.27|0.00|2339.05|0.00|20250913|16|20250913|0.00|0.00|;
PA06887|SAI004547|20250916|20250916|09016|01|02|223467.82|223467.82|0.00|400.67|0.00|20250920|14|20250917|0.00|0.00|;
PA06894|SAI004555|20250917|20250917|09006|01|01|316658.73|316658.73|0.00|2317.43|0.00|20250917|06|20250917|0.00|0.00|;
PA06906|SAI004571|20250919|20250919|09005|02|02|724125.29|724125.29|0.00|4077.24|0.00|20250923|16|20250922|0.00|0.00|;
PA06955|SAI004588|20250922|20250922|09007|02|02|1999407.55|1999407.55|0.00|7008.77|0.00|20250926|15|20250925|0.00|0.00|;
PA06971|SAI004595|20250922|20250922|09004|02|02|91429.45|91429.45|0.00|6203.02|0.00|20250923|16|20250925|0.00|0.00|;
PA06989|SAI004617|20250922|20250922|09006|02|02|775166.94|775166.94|0.00|7366.93|0.00|20250924|16|20250925|0.00|0.00|;
PA06995|SAI004627|20250923|20250923|09006|02|02|2533840.88|2533840.88|0.00|4314.86|0.00|20250930|15|20250924|0.00|0.00|;
PA07001|SAI004639|20250923|20250923|09003|01|01|399387.67|399387.67|0.00|1877.87|0.00|20250928|14|20250924|0.00|0.00|;
PA07008|SAI004664|20250923|20250923|09003|01|01|581681.79|581681.79|0.00|871.95|0.00|20250923|06|20250925|0.00|0.00|;
PA07050|SAI004686|20250924|20250924|09012|01|01|213669.14|213669.14|0.00|7926.05|0.00|20250926|06|20250925|0.00|0.00|;
PA07094|SAI004690|20250924|20250924|09010|02|02|694757.40|694757.40|0.00|44.13|0.00|20250929|15|20250927|0.00|0.00|;
PA07136|SAI004692|20250925|20250925|09015|01|02|94237.40|94237.40|0.00|5963.51|0.00|20250927|14|20250927|0.00|0.00|;
PA07137|SAI004715|20250926|20250926|09004|02|02|1146314.96|1146314.96|0.00|2084.66|0.00|20251002|15|20250927|0.00|0.00|;
PA07178|SAI004733|20250927|20250927|09012|02|02|50037.10|50037.10|0.00|4947.49|0.00|20251003|15|20250929|0.00|0.00|;
PA07188|SAI004742|20250928|20250928|09012|02|02|98615.85|98615.85|0.00|4335.82|0.00|20250929|16|20250930|0.00|0.00|;
PA07214|SAI004759|20251002|20251002|09012|02|02|528999.52|528999.52|0.00|8616.35|0.00|20251007|15|20251005|0.00|0.00|;
PA07250|SAI004760|20251002|20251002|09008|02|02|238010.15|238010.15|0.00|4751.55|0.00|20251006|15|20251004|0.00|0.00|;
PA07287|SAI004769|20251004|20251004|09012|02|02|379417.14|379417.14|0.00|7558.88|0.00|20251007|16|20251004|0.00|0.00|;
PA07336|SAI004777|20251005|20251005|09004|02|02|1286342.87|1286342.87|0.00|7693.85|0.00|20251007|15|20251007|0.00|0.00|;
PA07379|SAI004780|20251005|20251005|09009|02|02|309030.45|309030.45|0.00|450.13|0.00|20251011|15|20251006|0.00|0.00|;
PA07410|SAI004784|20251007|20251007|09009|02|02|3328867.79|3328867.79|0.00|8803.75|0.00|20251012|16|20251008|0.00|0.00|;
PA07441|SAI004785|20251009|20251009|09002|02|02|871150.15|871150.15|0.00|1323.80|0.00|20251011|15|20251010|0.00|0.00|;
PA07490|SAI004786|20251009|20251009|09009|02|02|951232.37|951232.37|0.00|5164.96|0.00|20251011|15|20251011|0.00|0.00|;
PA07494|SAI004806|20251009|20251009|09016|02|02|1390430.46|1390430.46|0.00|9283.44|0.00|20251011|15|20251009|0.00|0.00|;
PA07514|SAI004815|20251012|20251012|09006|01|01|75373.00|75373.00|0.00|773.68|0.00|20251019|06|20251014|0.00|0.00|;
PA07530|SAI004821|20251013|20251013|09004|02|02|54893.38|54893.38|0.00|2146.47|0.00|20251016|16|20251014|0.00|0.00|;
PA07566|SAI004827|20251013|20251013|09005|02|02|1116695.55|1116695.55|0.00|3493.11|0.00|20251016|16|20251015|0.00|0.00|;
PA07591|SAI004828|20251013|20251013|09013|01|01|263235.45|263235.45|0.00|229.58|0.00|20251020|14|20251015|0.00|0.00|;
PA07611|SAI004832|20251013|20251013|09012|02|02|1159167.37|1159167.37|0.00|5794.72|0.00|20251019|16|20251014|0.00|0.00|;
PA07640|SAI004857|20251014|20251014|09004|01|01|80785.50|80785.50|0.00|8160.47|0.00|20251020|14|20251015|0.00|0.00|;
PA07684|SAI004865|20251014|20251014|09002|02|02|236889.34|236889.34|0.00|3186.38|0.00|20251014|15|20251017|0.00|0.00|;
PA07733|SAI004873|20251020|20251020|09010|01|01|80108.27|80108.27|0.00|7652.66|0.00|20251020|14|20251020|0.00|0.00|;
PA07735|SAI004877|20251020|20251020|09014|02|02|554458.09|554458.09|0.00|8640.53|0.00|20251025|15|20251021|0.00|0.00|;
PA07755|SAI004900|20251021|20251021|09008|01|01|168847.91|168847.91|0.00|8390.11|0.00|20251026|14|20251023|0.00|0.00|;
PA07774|SAI004925|20251025|20251025|09015|02|02|389069.75|389069.75|0.00|474.85|0.00|20251029|15|20251026|0.00|0.00|;
PA07812|SAI004929|20251027|20251027|09012|01|01|282548.65|282548.65|0.00|4990.52|0.00|20251101|14|20251028|0.00|0.00|;
PA07844|SAI004929|20251029|20251029|09006|01|01|66084.83|66084.83|0.00|8927.44|0.00|20251031|14|20251101|0.00|0.00|;
PA07885|SAI004939|20251030|20251030|09011|02|02|1090710.38|1090710.38|0.00|8229.03|0.00|20251103|16|20251030|0.00|0.00|;
PA07903|SAI004951|20251030|20251030|09014|01|01|52282.90|52282.90|0.00|8402.86|0.00|20251104|14|20251031|0.00|0.00|;
PA07909|SAI004956|20251101|20251101|09008|02|02|281231.34|281231.34|0.00|3785.11|0.00|20251104|15|20251103|0.00|0.00|;
PA07925|SAI004964|20251102|20251102|09004|02|02|1154986.20|1154986.20|0.00|2400.57|0.00|20251104|15|20251104|0.00|0.00|;
PA07973|SAI004977|20251104|20251104|09013|02|02|1593287.06|1593287.06|0.00|4924.23|0.00|20251105|15|20251107|0.00|0.00|;
PA07999|SAI004980|20251104|20251104|09016|02|02|2031573.02|2031573.02|0.00|506.66|0.00|20251105|15|20251107|0.00|0.00|;
PA08049|SAI004994|20251104|20251104|09009|02|02|1045523.97|1045523.97|0.00|6378.96|0.00|20251110|15|20251105|0.00|0.00|;
PA08093|SAI005009|20251104|20251104|09008|01|01|143909.30|143909.30|0.00|7094.78|0.00|20251109|06|20251106|0.00|0.00|;
PA08123|SAI005014|20251105|20251105|09006|02|02|966924.61|966924.61|0.00|642.38|0.00|20251109|16|20251107|0.00|0.00|;
PA08167|SAI005017|20251105|20251105|09009|02|02|911989.31|911989.31|0.00|3876.78|0.00|20251105|15|20251106|0.00|0.00|;
PA08205|SAI005021|20251105|20251105|09012|02|02|168150.31|168150.31|0.00|8375.54|0.00|20251109|16|20251107|0.00|0.00|;
PA08220|SAI005021|20251107|20251107|09011|02|02|1319874.56|1319874.56|0.00|4988.63|0.00|20251110|16|20251108|0.00|0.00|;
PA08242|SAI005021|20251109|20251109|09005|02|02|11844.46|11844.46|0.00|2686.88|0.00|20251110|16|20251111|0.00|0.00|;
PA08290|SAI005037|20251109|20251109|09008|01|01|104891.24|104891.24|0.00|5249.00|0.00|20251115|06|20251109|0.00|0.00|;
PA08335|SAI005048|20251111|20251111|09006|02|02|570423.06|570423.06|0.00|4825.23|0.00|20251113|16|20251112|0.00|0.00|;
PA08351|SAI005052|20251113|20251113|09005|02|02|459534.93|459534.93|0.00|866.17|0.00|20251118|16|20251114|0.00|0.00|;
PA08378|SAI005066|20251115|20251115|09015|02|02|1828219.23|1828219.23|0.00|4814.78|0.00|20251120|15|20251116|0.00|0.00|;
PA08381|SAI005077|20251117|20251117|09015|02|02|1315656.76|1315656.76|0.00|9137.56|0.00|20251123|16|20251117|0.00|0.00|;
PA08391|SAI005092|20251117|20251117|09015|02|02|616430.90|616430.90|0.00|6532.09|0.00|20251124|16|20251118|0.00|0.00|;
PA08427|SAI005109|20251118|20251118|09015|02|02|343952.69|343952.69|0.00|9647.31|0.00|20251121|15|20251119|0.00|0.00|;
PA08430|SAI005116|20251120|20251120|09003|02|02|1405487.71|1405487.71|0.00|4940.88|0.00|20251124|16|20251122|0.00|0.00|;
PA08449|SAI005120|20251122|20251122|09010|02|02|1292042.58|1292042.58|0.00|7087.08|0.00|20251123|16|20251125|0.00|0.00|;
PA08487|SAI005128|20251122|20251122|09010|02|02|2689121.41|2689121.41|0.00|3746.10|0.00|20251125|16|20251124|0.00|0.00|;
PA08500|SAI005145|20251122|20251122|09007|02|02|436913.54|436913.54|0.00|4379.63|0.00|20251123|15|20251122|0.00|0.00|;
PA08543|SAI005148|20251122|20251122|09014|01|01|88401.78|88401.78|0.00|263.81|0.00|20251125|06|20251123|0.00|0.00|;
PA08555|SAI005161|20251123|20251123|09013|02|02|72673.98|72673.98|0.00|7283.16|0.00|20251129|15|20251125|0.00|0.00|;
PA08560|SAI005175|20251123|20251123|09015|02|02|410402.62|410402.62|0.00|3233.35|0.00|20251129|15|20251124|0.00|0.00|;
PA08587|SAI005190|20251123|20251123|09010|02|02|243151.97|243151.97|0.00|9419.26|0.00|20251128|16|20251123|0.00|0.00|;
PA08618|SAI005208|20251124|20251124|09009|02|02|1022894.01|1022894.01|0.00|6438.84|0.00|20251125|15|20251125|0.00|0.00|;
PA08633|SAI005227|20251124|20251124|09006|02|02|40919.62|40919.62|0.00|4634.38|0.00|20251129|15|20251124|0.00|0.00|;
PA08683|SAI005242|20251125|20251125|09005|01|01|122485.05|122485.05|0.00|9647.52|0.00|20251126|14|20251127|0.00|0.00|;
PA08706|SAI005253|20251129|20251129|09002|01|01|56996.47|56996.47|0.00|9110.64|0.00|20251201|14|20251202|0.00|0.00|;
PA08717|SAI005262|20251130|20251130|09012|02|02|304709.02|304709.02|0.00|3890.11|0.00|20251204|16|20251203|0.00|0.00|;
PA08718|SAI005286|20251130|20251130|09002|02|02|1874735.77|1874735.77|0.00|294.78|0.00|20251202|16|20251202|0.00|0.00|;
PA08749|SAI005292|20251202|20251202|09008|02|02|602206.33|602206.33|0.00|4729.59|0.00|20251205|16|20251204|0.00|0.00|;
PA08776|SAI005301|20251203|20251203|09014|02|02|2676470.78|2676470.78|0.00|7826.54|0.00|20251209|16|20251205|0.00|0.00|;
PA08821|SAI005324|20251203|20251203|09011|01|01|29003.59|29003.59|0.00|6071.87|0.00|20251205|06|20251204|0.00|0.00|;
PA08842|SAI005343|20251203|20251203|09008|02|02|2361780.48|2361780.48|0.00|4546.44|0.00|20251206|16|20251205|0.00|0.00|;
PA08876|SAI005367|20251203|20251203|09008|02|02|3850254.39|3850254.39|0.00|3734.90|0.00|20251205|15|20251204|0.00|0.00|;
PA08923|SAI005379|20251203|20251203|09007|02|02|2207211.16|2207211.16|0.00|1658.48|0.00|20251210|15|20251204|0.00|0.00|;
PA08938|SAI005395|20251203|20251203|09007|02|02|372402.65|372402.65|0.00|9177.98|0.00|20251203|16|20251205|0.00|0.00|;
PA08974|SAI005406|20251203|20251203|09003|02|02|1585757.34|1585757.34|0.00|4770.72|0.00|20251208|15|20251204|0.00|0.00|;
PA09005|SAI005427|20251203|20251203|09007|02|02|167313.61|167313.61|0.00|3392.89|0.00|20251207|16|20251204|0.00|0.00|;
PA09013|SAI005448|20251203|20251203|09005|02|02|571445.41|571445.41|0.00|8331.81|0.00|20251206|15|20251205|0.00|0.00|;
PA09046|SAI005470|20251205|20251205|09012|02|02|838242.83|838242.83|0.00|6241.68|0.00|20251206|15|20251207|0.00|0.00|;
PA09075|SAI005495|20251206|20251206|09008|01|01|173646.85|173646.85|0.00|378.96|0.00|20251212|14|20251208|0.00|0.00|;
PA09117|SAI005513|20251206|20251206|09012|02|02|151048.68|151048.68|0.00|7150.73|0.00|20251208|15|20251208|0.00|0.00|;
PA09167|SAI005532|20251209|20251209|09007|01|01|46424.57|46424.57|0.00|8710.86|0.00|20251211|06|20251210|0.00|0.00|;
PA09171|SAI005553|20251209|20251209|09017|02|02|1642491.38|1642491.38|0.00|8209.69|0.00|20251209|15|20251211|0.00|0.00|;
PA09215|SAI005572|20251210|20251210|09012|02|02|74010.67|74010.67|0.00|2213.32|0.00|20251216|16|20251212|0.00|0.00|;
PA09260|SAI005585|20251211|20251211|09011|01|01|204156.97|204156.97|0.00|2480.80|0.00|20251214|14|20251213|0.00|0.00|;
PA09280|SAI005596|20251211|20251211|09015|02|02|412667.00|412667.00|0.00|1187.20|0.00|20251212|15|20251212|0.00|0.00|;
PA09324|SAI005611|20251214|20251214|09016|02|02|603416.98|603416.98|0.00|2563.79|0.00|20251220|16|20251216|0.00|0.00|;
PA09353|SAI005617|20251216|20251216|09005|02|02|144850.77|144850.77|0.00|4187.45|0.00|20251220|16|20251219|0.00|0.00|;
PA09360|SAI005639|20251218|20251218|09009|02|02|924398.16|924398.16|0.00|4640.41|0.00|20251221|15|20251220|0.00|0.00|;
PA09369|SAI005660|20251220|20251220|09005|02|02|455696.14|455696.14|0.00|3250.48|0.00|20251225|16|20251223|0.00|0.00|;
PA09416|SAI005683|20251221|20251221|09004|02|02|698412.01|698412.01|0.00|9344.04|0.00|20251228|15|20251221|0.00|0.00|;
PA09434|SAI005698|20251221|20251221|09004|02|02|1754755.23|1754755.23|0.00|8034.41|0.00|20251228|16|20251223|0.00|0.00|;
PA09464|SAI005703|20251221|20251221|09005|01|01|247878.25|247878.25|0.00|1036.89|0.00|20251222|14|20251223|0.00|0.00|;
PA09492|SAI005706|20251227|20251227|09010|02|02|659615.32|659615.32|0.00|4363.83|0.00|20251231|16|20251228|0.00|0.00|;
PA09526|SAI005722|20251229|20251229|09011|02|02|145997.25|145997.25|0.00|4322.63|0.00|20240102|16|20251230|0.00|0.00|;
PA09575|SAI005735|20251229|20251229|09013|02|02|2047196.11|2047196.11|0.00|6753.43|0.00|20240102|15|20251231|0.00|0.00|;
PA09584|SAI005735|20251229|20251229|09004|01|01|307524.22|307524.22|0.00|6888.57|0.00|20251229|14|20240101|0.00|0.00|;
PA09607|SAI005738|20251231|20251231|09005|02|02|228756.62|228756.62|0.00|102.17|0.00|20240103|16|20240101|0.00|0.00|;